0.9094845240184892
0.9084713391829967
0.9180927060237005
0.9168684166401918
0.914570800102506
0.9053803339517625
0.8965423968095175
0.8995467830581968
0.9005496365372413
0.9039068287111144
0.9296135646687698
0.9056235865003202
0.9042353878456394
0.9098140607570435
0.9105798407681893
0.935951360510316
0.9274994897789676
0.9188193233647376
0.9222494131584738
0.9196964353304768
0.9131955484896662
0.9131955484896662
0.9181335921167245
0.9145327783572061
0.9135231274894627
0.9296135646687698
0.9068666223282749
0.9170228947872193
0.9205454205501242
0.9140889185997239
0.9113856376377141
0.902811764160288
0.9082237157893983
0.9075566757309377
0.9027153957691822
0.8882629107981221
0.9015917204818307
0.9094006858087808
0.9079830986262485
0.9052340570375712
0.9199372056514914
0.9098891115697838
0.9090878405514894
0.9130705345292874
0.9086211200738367
0.9234099818617985
0.9116254996749373
0.9181213323962379
0.9194434947626281
0.9151053275726518
0.9234099818617985
0.9203727896342027
0.920993032183282
0.9250786340637385
0.9227914994135453
0.9386515952876482
0.9174814758314512
0.9225008780675283
0.9231303126663166
0.9149437815635103
0.917335597406607
0.9057867440447344
0.914704390209717
0.9143271797797045
0.9108463338254135
0.9280358006773102
0.9177469775124072
0.925974198522221
0.9161022705132873
0.9139578832009823
0.8969229500082494
0.9032037370133694
0.9020828305049383
0.9044085322881323
0.9038186239377612
0.9436908517350158
0.9207217552738814
0.9221540423368147
0.9232530516254249
0.9204993461040377
0.9092724368283474
0.8978794616574168
0.9049355141208176
0.9036618899626323
0.904426571673086
0.935951360510316
0.9128660785262293
0.9123725982300575
0.910668337561432
0.9076464832841815
0.9055555555555554
0.9084705965966348
0.9125398704018052
0.907128498306972
0.9096902397758759
0.9234099818617985
0.8955590661751798
0.9008345899960245
0.9061843218173786
0.9044979892164523
0.9155362776025237
0.9005566003397234
0.9107420661727619
0.911355436751988
0.9113614769291333
0.8942378906828619
0.8864046596271453
0.8981758829222998
0.9029658115433765
0.9027389254267486
0.8882629107981221
0.8969092331768389
0.904832294788608
0.9109747828892087
0.905603762308923
0.9055555555555554
0.9026982865218158
0.9116700459041338
0.9106170730149764
0.9092052978068562
0.9113856376377141
0.9094218959926091
0.9140845912823389
0.9148973428134058
0.9103305726634231
0.8848572810836961
0.8998889056246177
0.9097971253060017
0.9136024980951716
0.9081792957734347
0.8855598059538821
0.8714939604849282
0.8841574816627819
0.8993407108148543
0.9005836797629947
0.9234099818617985
0.9154340681046513
0.9083686756307214
0.9140547561827509
0.9123198717365533
0.9014589905362775
0.9035072730459166
0.9111882085276962
0.9093237406654351
0.907309016721995
0.917335597406607
0.9041149897145395
0.9090925328255661
0.9111532989708263
0.9068787984850897
0.9296135646687698
0.9195490443436296
0.9202721393999559
0.9222130547192944
0.9130237618858965
0.9296135646687698
0.9296135646687698
0.9266351824498953
0.923275273959838
0.912717559400433
0.890894382022472
0.901140009830093
0.909099545374289
0.913079313146387
0.9103134747067566
0.9035581969743747
0.8992363734339434
0.9069020880497757
0.9090606354379627
0.9103557638708748
0.9373354397051079
0.9223967970263061
0.9262307585764669
0.9210619578212391
0.9195781584195458
0.9217183295126085
0.9052302806337722
0.9098360601050546
0.9167109050050679
0.9101926600016104
0.9018313809602376
0.9018313809602376
0.9030727724920102
0.9081570748344573
0.9051761133710045
0.9094845240184892
0.894027976294959
0.9009921609184858
0.9001822853920509
0.8990394093947218
0.88411967998778
0.8848483015323516
0.9035984772136153
0.9085513533756611
0.9111847486030504
0.9217183295126085
0.9025343027173847
0.9091007075720698
0.9130801847947227
0.9103141720254252
0.892063492063492
0.9006679644459197
0.9076847528014826
0.9105254693630167
0.9143430884241674
0.9035581969743747
0.8919568982155488
0.9024412594309655
0.9076834400386736
0.9047972055343777
0.9074852985149009
0.9065204270352283
0.9106961577060252
0.9098934429082441
0.9138374672603493
0.9074581543475041
0.9074581543475041
0.9169558897351081
0.910440512806949
0.9063085695539878
0.9234099818617985
0.9004489854401649
0.909149350123862
0.910160899715313
0.9079787439618974
0.917335597406607
0.9068234768909306
0.9097277437947948
0.9169587066680083
0.911043306028413
0.8703891954690677
0.8851151064785721
0.8969695436564301
0.9047361079116502
0.8968047593451931
0.917335597406607
0.9123968758770555
0.9215661207489857
0.9166324358017985
0.9148030083444191
0.8932522675171932
0.9003687830160471
0.9074852985149008
0.9070028627750646
0.9054523144096986
0.9055555555555554
0.9131169867838509
0.9099307235140256
0.9133005381009687
0.9101909622433244
0.9155362776025237
0.9076886475452999
0.9076118164793678
0.9119635164751962
0.9079835115928555
0.8887422317549358
0.89810019305122
0.8992197922129059
0.8983046107034743
0.9001407482657597
0.8932522675171932
0.8883012717196771
0.9050847129090007
0.9042713799218101
0.9049141636404283
0.9234099818617985
0.9088239362723302
0.9076760688321409
0.9076215902109817
0.9045099705814839
0.9131955484896662
0.8971065877539429
0.9069210849997139
0.9129690632094952
0.912272155371294
0.9373354397051079
0.9135581181236252
0.9236023626607555
0.9251051631627589
0.9106335448182783
0.9014589905362775
0.9102533047919483
0.9113831901322228
0.9159407837663596
0.9150822755859306
0.9217183295126085
0.9165519835751612
0.9154331718799963
0.9110130436131839
0.909522074285422
0.917335597406607
0.9041149897145395
0.8989907370613383
0.9070213022557135
0.9078941693321136
0.9014589905362775
0.9053657136823124
0.906063193904043
0.9059362843169212
0.9045990516431839
0.9234099818617985
0.9105813203372727
0.9144653859853286
0.9137611002050501
0.910858904353687
0.9074852985149009
0.9230684469012745
0.9231822918881157
0.9197578499207092
0.9139709723869741
0.9217183295126085
0.9165519835751612
0.9223342162757037
0.9200495493291944
0.9171157062537081
0.9074852985149009
0.9103404235022835
0.917264614947802
0.9152665704179385
0.9113250695693867
0.9094845240184892
0.9102443987613814
0.9093156506234222
0.9113206373192184
0.9109534146590725
0.8955590661751799
0.8803907690426461
0.8977737402083251
0.8992198543998373
0.9004519503102223
0.9113856376377141
0.9160320278249301
0.9190275573708471
0.9142309224001545
0.9132816427238215
0.8897807965421426
0.902350663353841
0.9109036686928409
0.9095666404085195
0.9123353086991755
0.9217183295126085
0.9145882419300563
0.9149042538208786
0.917815710238473
0.9169811603533329
0.8992501209482342
0.8995455692181553
0.9167840119949092
0.9235107219299359
0.9167647368523772
0.9296135646687698
0.914727291078423
0.9222633406206514
0.9166577598375075
0.9152231126737039
0.9074581543475041
0.8930147914594664
0.898504702312474
0.9007430653212315
0.9016705190473377
0.9217183295126085
0.901367978265414
0.906690517979145
0.910947375663846
0.9131015664335983
0.935951360510316
0.9053430548144655
0.906057136047944
0.9104723392154452
0.9098749310753365
0.935951360510316
0.9112189234984012
0.9173504705551907
0.9163117400388097
0.9133411901383031
0.9296135646687698
0.918535859508137
0.9175359988729325
0.918321603657736
0.9157683940372999
0.9113856376377141
0.9075579873581829
0.9149098464617119
0.9107550344189335
0.9088958256424021
0.9311129978388392
0.9174216674587454
0.9249159818034456
0.9224171188939689
0.9152309924124726
0.8897807965421426
0.9088952379564919
0.9172297191965907
0.919559809270257
0.915939645523461
0.935951360510316
0.9274994897789676
0.9287039924655914
0.9233925329360696
0.9185640505385025
0.9217183295126085
0.9029190047501943
0.9044320546159641
0.9070541735033579
0.9099870047052079
0.9217183295126085
0.9183194298390739
0.9033344973053398
0.9076704774820414
0.9108183783579928
0.9149205301655392
0.9018313809602376
0.9186491120110302
0.9187487387701774
0.9136494445195804
0.9234099818617985
0.912620681411018
0.9192603484539061
0.9222235108001394
0.9188899197512226
0.9234099818617985
0.9183027651757324
0.9230484042970492
0.9246896943899792
0.922859011032488
0.9250186164626811
0.9134249987114593
0.9141287583418141
0.9124611073432366
0.9134360053559106
0.917335597406607
0.9105329672426292
0.9163585379520333
0.917698485842177
0.9172660441942462
0.9113856376377141
0.8933064075228973
0.9054087932381881
0.9099090903940907
0.9126092686876323
0.9296135646687698
0.9075952438728465
0.9128668232024971
0.9110390062907616
0.9107281098363071
0.9217183295126085
0.8986857060311214
0.9054730103699539
0.9115081489446579
0.9123137746762311
0.9280358006773102
0.9265272085699957
0.9301299522816997
0.9300008553784672
0.9242924824100293
0.8704644412191582
0.8861479110896979
0.903210420628168
0.8992532413386338
0.8968789337649135
0.9092724368283474
0.9065013869534995
0.9147052572486127
0.9087525384420775
0.9084990904566423
0.9053803339517625
0.9054679447536591
0.9114486237897056
0.9148411219579493
0.9100375900167663
0.9234099818617985
0.9191652560136688
0.9211163761633396
0.9195674146638895
0.9155039559207585
0.9325396825396826
0.9228676155146743
0.9151920828391416
0.9165636666323929
0.9151478381096121
0.9217183295126085
0.9203829742801137
0.922438676017161
0.9230836611285411
0.9243896418365868
0.917335597406607
0.9095834891834222
0.9176885533478777
0.9247743515188448
0.9254266413505379
0.9296135646687698
0.918535859508137
0.9227282389517044
0.9222157837168149
0.9221162928759735
0.917335597406607
0.9114455764810812
0.9229742996646362
0.9219926295103819
0.9207013591288101
0.9373354397051079
0.9233039382667276
0.9233392861317512
0.92080335172123
0.9209863472795055
0.9296135646687698
0.921404556579218
0.925569264945075
0.9224758358312227
0.922662665037338
0.9053803339517625
0.8991650404170468
0.910289921124592
0.9173803396653561
0.9141960698395403
0.9436908517350158
0.9264816442816816
0.9259939683420148
0.9272737257162209
0.9216690047626237
0.9094845240184892
0.9142660715330542
0.922812251186318
0.9208393209311233
0.9213534531172585
0.9035581969743747
0.9045568762649652
0.9024681169401761
0.9081057418208023
0.9075606602469943
0.9296135646687698
0.9204996011532419
0.9265502658647108
0.9242465987501847
0.9268643669411694
0.9055555555555554
0.9035072730459166
0.9092309880346598
0.9106533735673796
0.9141298589893658
0.9325396825396826
0.9181350098091672
0.912576336718204
0.9066178104773869
0.9027705890759158
0.9074852985149009
0.9074717264312026
0.9127844782414011
0.9062099803026724
0.9093116501446594
0.9296135646687698
0.9136831117407583
0.9224236113247875
0.923072362609261
0.9187496881946642
0.9074852985149009
0.9028879484027494
0.9102648377560599
0.9022132350586181
0.9032676477498747
0.9234099818617985
0.9116254996749373
0.9185968939631858
0.9217259199320991
0.920487991466184
0.9234099818617985
0.9077367369626452
0.9160043854883243
0.916337188467895
0.9161770062948207
0.9155362776025237
0.9069134379465609
0.9154555194776014
0.9110298043113878
0.910720748252808
0.935951360510316
0.9217047574289101
0.9277713751168887
0.925998135840703
0.9235271008351169
0.9113856376377141
0.9122905930636901
0.9185647279887398
0.9248462589253088
0.9205092450119216
0.9035581969743747
0.914288406718528
0.9153041369478876
0.9177327568265861
0.9148978448561437
0.9074852985149009
0.9018983274450776
0.9137106981984212
0.9121475622356918
0.9088298630235894
0.9165662921348315
0.9141072674995226
0.9211363775778598
0.9191511703058114
0.9142145173257301
0.9113856376377141
0.9075579873581829
0.920382573582704
0.9185858173094446
0.9192123197500772
0.9199372056514914
0.9054157938369816
0.911950068045548
0.9182964109604381
0.9132875822717892
0.9155362776025237
0.8982769523103716
0.9000373671983727
0.902874434808208
0.9014113610816024
0.9234099818617985
0.9049482341741424
0.9057848742319295
0.910191151139397
0.9081211244091328
0.8908234622520337
0.9028719962087864
0.9168781302295481
0.921992457598438
0.9190910257817306
0.9014589905362775
0.9084976340694007
0.9210090047235159
0.9176212921295128
0.9155940934065905
0.9190476190476191
0.9169840746065792
0.9151179289502908
0.9191166961724279
0.9151433811275892
0.9217183295126085
0.9127243332956301
0.9097263345566372
0.9135494050331482
0.91430664350784
0.9296135646687698
0.913952081479684
0.9221852527490055
0.923276459434568
0.921728423068159
0.9296135646687698
0.9222670474171545
0.9247158865010263
0.9232988196376745
0.921367647872694
0.9234099818617985
0.9004489854401649
0.915643238970692
0.9140505384351059
0.9143476862685894
0.9234099818617985
0.9154340681046513
0.9177005511635811
0.9146643022615747
0.9136283466129577
0.9296135646687698
0.921404556579218
0.9275712412170941
0.9211362761528799
0.9172008190295593
0.917335597406607
0.9085883074473415
0.9126183443022765
0.9153162536921571
0.9141499077574234
0.9280358006773102
0.9206156745834883
0.9261889296240282
0.9248113017210576
0.9213461010798264
0.9136429608127721
0.9114576988205597
0.9154417931676392
0.9182188647485434
0.9125312511072632
0.917335597406607
0.9114455764810812
0.9094822361725726
0.9118735818913342
0.9094670690106827
0.9155362776025237
0.9086838292813806
0.9126820255249691
0.9142734239056316
0.916100735496865
0.917335597406607
0.9114455764810812
0.9145231903247696
0.915654297505482
0.9156306935248903
0.9155362776025237
0.8982769523103716
0.9121528383711963
0.9153692828940675
0.9154026818357586
0.9217183295126085
0.9127243332956301
0.9168224276846471
0.9177864252665219
0.9141973437108328
0.9217183295126085
0.9086386978438942
0.9121083382451358
0.9172161743187726
0.9168801949755228
0.9074852985149009
0.9056078177967763
0.914109544477464
0.9134285677675265
0.912639759017719
0.9199372056514914
0.9098891115697838
0.9138321842173921
0.9185090587979646
0.9175358392009262
0.9311129978388392
0.9137121771070467
0.9169447786919639
0.9189632381346432
0.9170674953114124
0.9055555555555554
0.8932865912868875
0.903863933012152
0.909535469631928
0.9107356312260471
0.935951360510316
0.9207534580329357
0.9287991047789809
0.9309331885105127
0.925458190203285
0.9234099818617985
0.914482768708677
0.9121502786440848
0.9184465689093406
0.9154688945223473
0.9113856376377141
0.9038484970064842
0.9069641808342116
0.9093647086593666
0.9063393450640657
0.9113856376377141
0.9056133275628953
0.9141132176548766
0.9105451676131765
0.9119032535718625
0.917335597406607
0.9078130978486025
0.9088768230671594
0.9099565044227862
0.9110724590587337
0.9234099818617985
0.9303727107834532
0.9326936204240047
0.9163883063920838
0.9122224583487031
0.935951360510316
0.9188913707352768
0.9132047074769304
0.9176817800674076
0.914857063448801
0.892063492063492
0.890901341090085
0.9068180924892729
0.9163361689347224
0.9145659948507582
0.946031746031746
0.922161172161172
0.9220135579449842
0.921272073220643
0.9185147182794946
0.9386515952876482
0.9267860627265937
0.9252685475782093
0.9237133154455618
0.9192624504637049
0.9113856376377141
0.8969685967005256
0.9063186032879108
0.9125172019256429
0.9115108212434946
0.9217183295126085
0.9156014267655488
0.9149486047812898
0.9174661077016377
0.9167014783238647
0.9250186164626811
0.9096282535727714
0.9109664893194384
0.9119549995309636
0.9142459959971306
0.9234099818617985
0.9249800306765272
0.9255033802814369
0.9238894399729825
0.9177620054818245
0.9296135646687698
0.921404556579218
0.9226092432070391
0.9217188371671841
0.9208421892150687
0.9217183295126085
0.91914231082372
0.9205648678364128
0.9216783049929799
0.9196197715219266
0.9035581969743747
0.9045568762649652
0.9080114275651566
0.914143491308788
0.9128118527500106
0.9190476190476191
0.9113889780631355
0.9153959793293565
0.9224696974307712
0.9194728176475973
0.9055555555555554
0.897668176048849
0.9092920115457934
0.9132236627750154
0.9140460497013339
0.917335597406607
0.9123968758770555
0.9082115897473958
0.9131676424798744
0.9148777798864212
0.9131955484896662
0.9065182829888712
0.91679066856095
0.9154394108301411
0.9107642270768114
0.9136429608127721
0.9011925962838541
0.9116416250357968
0.9183941175987597
0.9166121988827056
0.9296135646687698
0.918535859508137
0.9212072661691767
0.9255683484487945
0.9235619342795403
0.897752658812747
0.8959952747478045
0.9150832303300148
0.9131769613343871
0.9136488245880143
0.917335597406607
0.917335597406607
0.91595558110096
0.9171362903287565
0.9180526981655268
0.9234099818617985
0.914482768708677
0.9065963332231292
0.9035067225880624
0.9071490439729715
0.9113856376377141
0.9056133275628953
0.9187056844656206
0.9218075128089253
0.9205532657676448
0.9250186164626811
0.9085410542630865
0.9125868421794398
0.9146097361376164
0.9135846937137909
0.9217183295126085
0.9100044639016034
0.9155196690981541
0.9157813248573236
0.9117368731208948
0.9094845240184892
0.8968021020031345
0.9082390672817028
0.9128168203340912
0.9133607117877777
0.9234099818617985
0.9163412093450729
0.9186974668506481
0.917907169538617
0.9174329911513983
0.935951360510316
0.9161313584427851
0.9231993855302262
0.9211296716890544
0.9228264502849974
0.9206784180121463
0.9041914388397094
0.9181382079037217
0.9169025430502078
0.9162506266027208
0.9055555555555554
0.9131169867838509
0.9170841966767943
0.9137457317772586
0.9089527447302354
0.917335597406607
0.9095834891834222
0.9141923200762143
0.9164967355226104
0.9175410543206098
0.9217183295126085
0.9156014267655488
0.9232848162729154
0.9183961964743493
0.9193989535518392
0.9280358006773102
0.9197107191575121
0.9214800182592352
0.9208719184563312
0.9139948320623624
0.917335597406607
0.9068234768909306
0.9174328496898365
0.9212095579022981
0.92131131222436
0.9311129978388392
0.9164721893995385
0.919320998420586
0.9207454029311097
0.9188734498724307
0.9296135646687698
0.9086590121680211
0.914622701275766
0.9176045458296386
0.9171908921842155
0.9113856376377141
0.906608509298976
0.9142768610889073
0.915877250319717
0.9134134396506486
0.917335597406607
0.9124104479607539
0.911941723141927
0.9155938122292594
0.9152036419459619
0.9296135646687698
0.9112816557755503
0.9183676646969277
0.9200304026383661
0.9183539706835357
0.9155362776025237
0.9125104008105065
0.9171902937040896
0.916622852819452
0.9085516003660226
0.9436908517350158
0.9209907250128069
0.9289572827655617
0.9298528827090919
0.9257792109709714
0.9155362776025237
0.9152284038840315
0.9225974158243903
0.923202715983963
0.9196382395775229
0.9113856376377141
0.906608509298976
0.9082008854118886
0.9135540552261089
0.9151869100834087
0.897752658812747
0.9092155384124467
0.9144832310958582
0.9178648431646039
0.9153679413220356
0.9190476190476191
0.9169840746065792
0.9151179289502908
0.9161003514746229
0.9178840044722346
0.9436908517350158
0.9313692353913174
0.9275585588113754
0.9265214145739812
0.9227141913621653
0.9311129978388392
0.9202987609286641
0.9268340441167248
0.9263801872032138
0.920954173952218
0.9296135646687698
0.9119257276758158
0.9178216733401339
0.9200037748779144
0.9191102754228362
0.9217183295126085
0.9117748552364231
0.9186964643375095
0.9195807275734924
0.9179417095863368
0.9234099818617985
0.8990723654902067
0.9106811375524008
0.9131804576673372
0.9128214936614126
0.9131955484896662
0.9120999109969699
0.9213681441622619
0.9226636279945104
0.9212381579161131
0.9234099818617985
0.9134840894180866
0.9222909297763398
0.9218878018352913
0.9209773609495544
0.917335597406607
0.9190070077093766
0.920474665760184
0.9205256038231745
0.919149075221094
0.9234099818617985
0.9049482341741424
0.9057939222877285
0.9136793016420734
0.9120195081040112
0.9074852985149009
0.900217522698616
0.9033065231385738
0.9076494968569668
0.9034168947828709
0.9234099818617985
0.916447252940144
0.9182042784642989
0.9233161076701362
0.9213814782986635
0.9217183295126085
0.9233684729876448
0.9173724266423507
0.9192839740974333
0.9173240840816446
0.926550079491256
0.9180173017548727
0.9138633863551003
0.91412767230771
0.9159841342185278
0.9035581969743747
0.8972262894984233
0.9039293921344845
0.9110819647357841
0.9119728273091319
0.9234099818617985
0.917207127683036
0.9198109572762511
0.9153160631972477
0.9165965164603197
0.9113856376377141
0.9094218959926091
0.9126304703442791
0.9161103726310234
0.9163554175861401
0.9296135646687698
0.9203089190865217
0.920778722561884
0.925246940743325
0.9212736193850125
0.935951360510316
0.9207534580329357
0.9251351992475533
0.9266296488953748
0.9232006239199977
0.917335597406607
0.9105329672426292
0.9199058432576356
0.9245922812651387
0.920385464406986
0.9155362776025237
0.9042430122424274
0.9053237743332518
0.909422413128091
0.9073879546921197
0.9074852985149009
0.9074717264312026
0.9118739569581837
0.9126356002600227
0.9120053850117159
0.917335597406607
0.921177106934644
0.9011118407601676
0.9041327676925424
0.9064134696745386
0.9190476190476191
0.9123015873015874
0.9206462047694277
0.9192147861184554
0.9197154947972859
0.9055555555555554
0.8998967231192087
0.9128150138420219
0.9143731651434212
0.9146057876352416
0.9155362776025237
0.9124043572154354
0.91864057075657
0.914438273307487
0.9162326150183493
0.9234099818617985
0.9191652560136688
0.9165720498883506
0.9171909421781677
0.9152498134455144
0.935951360510316
0.9178961889991961
0.9252323294970793
0.9240938516258461
0.9223823368211816
0.9035581969743747
0.8999347766748145
0.9082960566041033
0.9109839472149823
0.9078989710070218
0.9234099818617985
0.9055572207645355
0.916149960411393
0.9202473909434654
0.9196650322360937
0.9217183295126085
0.9278085055946985
0.9229375198930212
0.9268660387416778
0.9217846291005977
0.9234099818617985
0.913570159470225
0.9198933338267109
0.91723810957712
0.9156873924653939
0.9217183295126085
0.913636942534082
0.9168946223099876
0.91303571436656
0.9098131614948979
0.8887422317549358
0.8918283908242239
0.9074361256453655
0.9088759813564405
0.8962077425098668
0.9155362776025237
0.9217729784866824
0.9248863182707345
0.9267996593379715
0.9229367871733574
0.897752658812747
0.8930077848054346
0.9090381327290039
0.9119482040497895
0.9114554680435294
0.9325396825396826
0.920906059684015
0.926382519691046
0.9279218104032051
0.9234135151129166
0.9296135646687698
0.9119257276758158
0.9208343502130933
0.9237606832947406
0.9221158021562971
0.9190476190476191
0.9104395000039285
0.9147629939565519
0.9169247409328634
0.9162683849088452
0.9234099818617985
0.9163412093450729
0.9221937001223114
0.9281532115996701
0.9272045656520959
0.935951360510316
0.9227179422644027
0.9229486221302015
0.9181010158412446
0.9179479321543171
0.9250186164626811
0.9143744767706663
0.9147617437146187
0.917708827658778
0.9140170863166693
0.9155362776025237
0.9114972159750139
0.9180358099296222
0.9231897562691288
0.9188436031225585
0.9234099818617985
0.9105813203372727
0.9183537741171114
0.9215435800475433
0.9170848882276816
0.9074852985149009
0.9170176890030785
0.9212163142249755
0.9240471563036523
0.9219663172054764
0.9296135646687698
0.9075952438728465
0.906249561573356
0.9070052803871037
0.9054542484993299
0.9296135646687698
0.918535859508137
0.9232038005186523
0.9251810998486989
0.9187953333823977
0.9094845240184892
0.9113400362540777
0.910055123674352
0.9137959968714344
0.9113285956044029
0.9234099818617985
0.9018827906592607
0.9070337262417095
0.9119128145540961
0.9098220497505324
0.935951360510316
0.9217047574289101
0.9253163991325009
0.9228713687500066
0.9226407609025269
0.9136429608127721
0.9114576988205597
0.9164884923774584
0.9205012899180145
0.9195082874549163
0.9234099818617985
0.913570159470225
0.9223483098110986
0.9241646235255163
0.9220602909829676
0.9373354397051079
0.9233039382667276
0.9227754020153546
0.9233362056271862
0.9189607626090044
0.9074852985149009
0.9018983274450776
0.9096050904509454
0.9100502272476376
0.9111474373186148
0.9311129978388392
0.9154770076634577
0.915840102487249
0.9166419816273416
0.9144246964129843
0.9436908517350158
0.9209907250128069
0.9185414702794619
0.9205436225824105
0.9162849222555753
0.9234099818617985
0.9220441999369724
0.9271412798596842
0.921744848783652
0.920862998508243
0.9094845240184892
0.9066074305485705
0.9168501002674164
0.917399479962467
0.9154166436729538
0.9296135646687698
0.9060825602160534
0.9123945789649293
0.9155505883393673
0.9100930528311183
0.9217183295126085
0.9145882419300563
0.9200964938996505
0.9198342751866426
0.9198548612796124
0.9296135646687698
0.9119257276758158
0.9183214843968236
0.9141989585376771
0.9116509649373971
0.9325396825396826
0.9190476190476191
0.9255822777942955
0.9210512469325975
0.9208284386763763
0.935951360510316
0.9217047574289101
0.9222731655732064
0.9229595282955749
0.9210962147990145
0.9296135646687698
0.9112816557755503
0.9100162033553337
0.9122740572784052
0.9125478379852787
0.935951360510316
0.9283148892612312
0.9292475921204338
0.927105298593362
0.924412831037244
0.935951360510316
0.9254359453379276
0.9282568574508813
0.9249227756295457
0.9242818864061582
0.9280358006773102
0.9214781654214247
0.9148051071263756
0.9144027174671983
0.9146294294942633
0.9250186164626811
0.9199695733141102
0.9231842370989968
0.9240256976970616
0.9173852506080561
0.9094845240184892
0.8949200617376061
0.9069843737713504
0.9089684128698976
0.9099033224584726
0.9234099818617985
0.9007342044140454
0.9103606578322868
0.91253239813612
0.9147079148812557
0.917335597406607
0.9041149897145395
0.9180872418202751
0.921343680824916
0.9193520721874757
0.9234099818617985
0.8767491238488639
0.8902779483681117
0.8955548706855123
0.8975199633387623
0.9280358006773102
0.9158830688779809
0.9169379189345269
0.9174653439628
0.9119284344786684
0.935951360510316
0.9245734544999912
0.9313457690903513
0.9258274360248502
0.919773762054916
0.9155362776025237
0.9086838292813806
0.9182343660892899
0.918437679328872
0.9194321398354572
0.917335597406607
0.9068234768909306
0.9149199838735668
0.9189682373648849
0.9210973028256617
0.9190476190476191
0.9123015873015874
0.9113625662072214
0.9122520571968007
0.9109127568685518
0.9296135646687698
0.9194430007485586
0.9202014436699085
0.9145892474556181
0.9112219297270439
0.883350275922161
0.884463599499542
0.9025262647622441
0.9066566033335879
0.9072221874705682
0.9250186164626811
0.9106649864189676
0.9199938560418612
0.9182942791538125
0.9157114901134025
0.9296135646687698
0.913952081479684
0.9117964871580896
0.9086598956056258
0.9063125064861506
0.9234099818617985
0.9154340681046513
0.9206603780160472
0.9251581823339475
0.9224036733947008
0.9296135646687698
0.921404556579218
0.9241408926090685
0.9204237786638882
0.9206826888336321
0.9250186164626811
0.9180114449834773
0.9183568363381912
0.9174977597950282
0.9158951126397203
0.9234099818617985
0.9060761068083671
0.9084492540354668
0.9144718611615208
0.9150446084105381
0.935951360510316
0.9161313584427851
0.9126060908137085
0.9172328175699913
0.9137544575536083
0.9296135646687698
0.9194430007485586
0.918740532967908
0.9214587908931234
0.9190639375181966
0.917335597406607
0.9152655729481366
0.9165262549812973
0.9152411006454015
0.9165365464188427
0.9035581969743747
0.9104468971904908
0.9173355974066069
0.9192563521706255
0.9152551059261473
0.917335597406607
0.9161280637860731
0.913913550530212
0.9182134123573686
0.9152823692807697
0.9296135646687698
0.9157224728145037
0.9150293021472597
0.9164415811134814
0.9162605204112898
0.9234099818617985
0.9191652560136688
0.9236233981890069
0.9258524692766756
0.9234105675838951
0.9217183295126085
0.9183194298390739
0.9179914856949183
0.9201311341440026
0.9156554390777515
0.9094845240184892
0.9093784804234183
0.91143107948312
0.915210829485154
0.9152759191086279
0.9234099818617985
0.9091622658776553
0.9194097140827188
0.9178561726844556
0.9173921936680692
0.9190476190476191
0.9190476190476191
0.9205017399856791
0.9216309591049294
0.920771886765265
0.9280358006773102
0.9121735785262822
0.9184867182971345
0.9201196928385211
0.9207777506431766
0.917335597406607
0.911439745857273
0.9200716438065513
0.9228319823146234
0.9106075296222139
0.917335597406607
0.9057867440447344
0.914704390209717
0.9176658125301018
0.916861242186636
0.9373354397051079
0.9261279849353236
0.9272898448464723
0.9274698034775644
0.9208694238631325
0.9131955484896662
0.9112339926590067
0.9158288672602315
0.9196498999048834
0.9176168247276045
0.9296135646687698
0.918535859508137
0.92565877650304
0.9273790030122006
0.925010457930265
0.9280358006773102
0.9186541187528288
0.9273995452589096
0.9286845795791029
0.9224981954258317
0.8998410174880763
0.8919803487379281
0.9099974811692008
0.9112282434182853
0.9080944079696642
0.9035581969743747
0.9180489397570286
0.9244777730730552
0.9206764390118781
0.9172527906043776
0.9250186164626811
0.914288406718528
0.9126871124851818
0.9090879839365358
0.9083814982603398
0.9190476190476191
0.9198630185298826
0.9204814555241246
0.9246949515693705
0.9235654850650203
0.9190476190476191
0.9132528866975617
0.9187064460212978
0.921808083975683
0.9174146706781616
0.9296135646687698
0.9222670474171545
0.9256912591246639
0.924826823663858
0.922968714451591
0.9155362776025237
0.9134609576201188
0.9222755085776946
0.9195530408426994
0.9171394923771399
0.9296135646687698
0.918535859508137
0.9173307497272711
0.918850557760903
0.9141922594437583
0.9234099818617985
0.898387307049835
0.9106564039447348
0.9161272235934717
0.916009034395282
0.917335597406607
0.9078130978486025
0.9180925969949513
0.9140272929862727
0.9089702807400053
0.9190476190476191
0.9027670527670528
0.917551016958512
0.9100893776357022
0.9139942150423156
0.9311129978388392
0.9174216674587454
0.9167932041733381
0.9149130123370904
0.915037665390177
0.9296135646687698
0.9175845601121626
0.9215942282976983
0.9205295705749255
0.9170558943316148
0.9296135646687698
0.9310766236042262
0.9336016141653669
0.9314558647396953
0.9266617514947365
0.935951360510316
0.923668499074015
0.9266255602292377
0.9204270154119876
0.9178386720325703
0.935951360510316
0.9197547787423453
0.92354085177451
0.9257905594658031
0.9209242456798978
0.9014589905362775
0.9053657136823124
0.9164610075507577
0.9114235947568818
0.9138208721778651
0.935951360510316
0.9290924388958783
0.9191449995799968
0.9221369991447075
0.917559623505413
0.935951360510316
0.9187051755232969
0.91241712284489
0.9155674962493378
0.9151825891620247
0.9155362776025237
0.9134609576201188
0.9202735323056754
0.9233400698641773
0.9193836952862167
0.9296135646687698
0.9102539733456207
0.9106311947763185
0.9065328687529544
0.9046108850040134
0.917335597406607
0.9133040171174771
0.9197159055915455
0.9214244490664731
0.9153042517035853
0.9250186164626811
0.9134249987114593
0.9213951457093422
0.9226838791548206
0.916559801736555
0.9296135646687698
0.9175845601121626
0.9220940393543882
0.9232080493886051
0.9216736950313887
0.9296135646687698
0.921404556579218
0.9251162652327064
0.9240068034275661
0.9226725622233743
0.9131955484896662
0.9057430733901322
0.9104744508105852
0.9159907587428595
0.9150697345218305
0.9296135646687698
0.9175845601121626
0.90381190359221
0.9080285321971941
0.9071344651526303
0.9311129978388392
0.9137121771070467
0.9195124506843109
0.9227692586481537
0.9213226624390277
0.9296135646687698
0.9166719508737107
0.9235597804841765
0.9209687224855488
0.9174866173833142
0.9234099818617985
0.9081798643720647
0.9132565702019759
0.9147043324133868
0.9164454623030691
0.935951360510316
0.9198408487944838
0.9220772590267412
0.9213198490319607
0.92052299870689
0.935951360510316
0.9188913707352768
0.923440808003412
0.924218125875373
0.9204856118114095
0.9373354397051079
0.9204468183397413
0.9240022115061072
0.9257799080892902
0.9233525186339866
0.9296135646687698
0.9195490443436296
0.9254778427974557
0.9257459019709058
0.9192471750801634
0.8942378906828619
0.903716719586264
0.9029641432362685
0.9069850121891062
0.9049725997529349
0.935951360510316
0.9171209794004571
0.9171925187358404
0.9198968088945905
0.9190247026361771
0.9155362776025237
0.9055476718888518
0.9017777448201884
0.9060952133770461
0.9071532982291798
0.935951360510316
0.9226118986693317
0.9279584642087707
0.9303027080828549
0.9285858323688055
0.9155362776025237
0.9124043572154354
0.923233037567314
0.9236794322911559
0.9180553590679607
0.9055555555555554
0.8865864347357065
0.900928811380061
0.9030147177421326
0.9043086789974039
0.8942378906828619
0.8935938187825965
0.9035325398089972
0.9119832647830248
0.9123152039889744
0.935951360510316
0.9226118986693317
0.9234141379337815
0.9234130989157857
0.9202275388356089
0.9296135646687698
0.918535859508137
0.9175359988729325
0.9179139039166042
0.917059715295838
0.9035581969743747
0.9016996072312256
0.9119796323340447
0.9156222441233475
0.9159649147799994
0.9234099818617985
0.9098606691185264
0.9123523118812199
0.911128772497791
0.9107999228019306
0.9296135646687698
0.913952081479684
0.9176409264740163
0.9194853489711825
0.916299918571821
0.9311129978388392
0.9110036899306555
0.9197809398554732
0.9181345920140213
0.9152193130060919
0.9113856376377141
0.901140009830093
0.9185130537182072
0.9201394444043257
0.9168231949183354
0.9234099818617985
0.9154340681046513
0.9227345253048037
0.9222204984816392
0.9205049909478659
0.935951360510316
0.9171209794004571
0.9139000377161394
0.9151869330490093
0.9121177499368228
0.9280358006773102
0.9251346589793754
0.9266276275425068
0.9204285658969396
0.9194501082380564
0.9296135646687698
0.9157224728145037
0.9129676999921704
0.9130246621165444
0.9114957964835881
0.9113856376377141
0.8969685967005256
0.9108629295628999
0.9094922806601154
0.8997900862103354
0.8998410174880763
0.9073807738268078
0.9152915151641516
0.9151987689144985
0.9140559199352966
0.9296135646687698
0.9166719508737107
0.9183540770866766
0.917064444937424
0.9167588114704438
0.9234099818617985
0.9098606691185264
0.9129229857615572
0.9120103485282548
0.9127155343431085
0.9280358006773102
0.9195200370907919
0.9122642443314435
0.9124970703709993
0.911073723087152
0.897752658812747
0.9045691482252305
0.9062076068229835
0.9127906257521582
0.9113436117128376
0.9113856376377141
0.9075579873581829
0.9100121682939685
0.9156440468553968
0.91359130427467
0.9116482428642139
0.900195237309575
0.9079334854936496
0.9118026095856866
0.911338992472247
0.9113856376377141
0.9084647659728267
0.9164897381617786
0.9190048234941479
0.9162799255856708
0.8942378906828619
0.9017551637556046
0.9100201356674885
0.9141526216234304
0.9156657632012658
0.9155362776025237
0.9086838292813806
0.9166357803674812
0.922139734097523
0.9170963772796684
0.935951360510316
0.9161313584427851
0.9159329981626979
0.9142678578291104
0.9105260994983242
0.9296135646687698
0.918535859508137
0.9248023862404606
0.921448199089774
0.9130369376501977
0.9190476190476191
0.90119894748489
0.9086026256105262
0.9112138739697995
0.9108680039795374
0.9217183295126085
0.9127243332956301
0.9188538881433664
0.9238033149294369
0.9188926761331965
0.935951360510316
0.9226118986693317
0.9254455983925008
0.9238461035562804
0.923758879217384
0.9296135646687698
0.9194430007485586
0.9173605166622613
0.9204237786638882
0.9206826888336321
0.9296135646687698
0.913952081479684
0.9186379474434029
0.9206159804553662
0.9163428085539399
0.935951360510316
0.9178961889991961
0.9252323294970793
0.9285871459447215
0.9239808278668884
0.935951360510316
0.923668499074015
0.9221282057318829
0.920326286840297
0.9177580891752178
0.9296135646687698
0.9204996011532419
0.9225164272659132
0.9145931860124434
0.9123861882048295
0.9311129978388392
0.9162859941875583
0.9212283287379853
0.9221759006691592
0.9224227169076871
0.935951360510316
0.9266434789584614
0.9227358293608208
0.9233065261362858
0.918937019016284
0.935951360510316
0.9198408487944838
0.9235982318092689
0.9232570531773119
0.919681709332202
0.9234099818617985
0.9098606691185264
0.911752538613192
0.9131483033115458
0.9136258981697413
0.9113856376377141
0.9094218959926091
0.9171278248416336
0.9176077733931299
0.9171934742350085
0.9217183295126085
0.9154953831704778
0.9202014436699084
0.9225544739196239
0.9191196459260516
0.8992501209482342
0.9033541376478692
0.9135356523241757
0.9179299887028415
0.916621118489816
0.9217183295126085
0.9156014267655488
0.9202721393999558
0.912130219466785
0.9112012352764083
0.9311129978388392
0.9212493177382766
0.9178343029936088
0.9227095871714837
0.9187999076088614
0.9296135646687698
0.9273160905657255
0.9315122638747656
0.934856797473842
0.931352557460395
0.917335597406607
0.9143606175221605
0.914121398619031
0.9168457030799436
0.9149736221669352
0.9296135646687698
0.9174969493102663
0.9189040760443804
0.9180621264339162
0.9175569566676376
0.9136429608127721
0.8864350450751557
0.8894763854418305
0.8983619431970431
0.9005864593613323
0.9311129978388392
0.9192855760931716
0.9227282389517043
0.9263800391400552
0.9209540555016911
0.935951360510316
0.9198408487944838
0.9210305598169221
0.9220275739783618
0.921965725085211
0.9373354397051079
0.9214454976303317
0.9180922109661257
0.9213474076843041
0.9189748309511412
0.935951360510316
0.9178961889991961
0.9197341199533969
0.9180994770874642
0.919161578042331
0.9296135646687698
0.9194430007485586
0.9207653277863054
0.9207436003427655
0.9193234724367668
0.9234099818617985
0.9163412093450729
0.9237780046592649
0.9259684241293691
0.923881994824
0.9250186164626811
0.9171455266455142
0.922729911655939
0.9189119723288303
0.9170264826667621
0.9250186164626811
0.9172515702405852
0.9289292381979286
0.929831849283367
0.9269727349471983
0.9113856376377141
0.9031500937656131
0.908449268859615
0.9087080826493337
0.9096950582820215
0.935951360510316
0.9217047574289101
0.9273537033818228
0.9286501981712878
0.9256487506995847
0.9199372056514914
0.9203078118318189
0.9213418685084788
0.9193052885037756
0.9076404924852634
0.9136429608127721
0.9163452899301956
0.9212678592330769
0.9211204989278442
0.9171881972495308
0.9155362776025237
0.8870013156400725
0.8982270164307637
0.9064485117827826
0.9086259289075475
0.917335597406607
0.9169509447707194
0.9241844949430291
0.9150644861240897
0.9167335852716315
0.917335597406607
0.9143606175221605
0.9139722611779956
0.9167338499991671
0.9177307459018552
0.9131955484896662
0.9122905930636901
0.914542935058333
0.9142060884161665
0.9188319586739547
0.8155038759689921
0.8531636691105129
0.8816596445028914
0.8955785933034455
0.899570130163261
0.8998410174880763
0.8980761869316652
0.9120189947853922
0.9167924955487539
0.9137257945462585
0.9155362776025237
0.9096333073405876
0.9089173043986919
0.9099868654214356
0.9087011317320233
0.9234099818617985
0.9108502900761983
0.9097195781666335
0.9169525824468873
0.9134120901471567
0.9280358006773102
0.9206156745834883
0.9245903439022198
0.9258461490938572
0.9217529860654382
0.9280358006773102
0.9139384090826932
0.9212760595585675
0.9218095401343752
0.9193445369111981
0.9296135646687698
0.9194430007485586
0.923332999778652
0.9256346704689097
0.9227848639026706
0.935951360510316
0.931250720000786
0.9312048126134704
0.9285732139631394
0.9263256906518329
0.9373354397051079
0.9233039382667276
0.9259069581240982
0.9245998230961102
0.9180925568895866
0.9296135646687698
0.914727291078423
0.9116116387028695
0.9149633831428224
0.9115212382768073
0.9055555555555554
0.8988095238095237
0.9095773484859623
0.9104818984868882
0.9114927743100152
0.935951360510316
0.9283148892612312
0.924398690219098
0.9245536717799938
0.9227501929444998
0.917335597406607
0.9105329672426292
0.9219854442521099
0.921658687692119
0.9192238549573931
0.9074581543475041
0.9148458358144723
0.9211967844352444
0.9196277208678182
0.9200458425967761
0.9250186164626811
0.9171455266455142
0.9263938171873666
0.9260500170061952
0.9223370733079364
0.9296135646687698
0.8865908198930703
0.9014315458749933
0.910736558228157
0.9104861513862235
0.9113856376377141
0.904838117964156
0.9181888780664611
0.9140064061839153
0.91310202975083
0.935951360510316
0.9217047574289101
0.924840837565553
0.9286067807973762
0.9272290905404226
0.9113856376377141
0.9038484970064842
0.9150108112393589
0.9160200131914238
0.9174980069254988
0.9131955484896662
0.9112339926590067
0.9124628384945176
0.9151996243363378
0.9136567591720505
0.917335597406607
0.9123968758770555
0.9166041227389307
0.9093792069710162
0.9066151788118489
0.9280358006773102
0.9100496463704011
0.9191449108153034
0.9182427525121084
0.9180613214910082
0.9296135646687698
0.9166719508737107
0.9244161707467557
0.9264470486949874
0.9217898768276644
0.9234099818617985
0.9108502900761983
0.9171047149403888
0.9209634568402123
0.9211144313746914
0.9155362776025237
0.9069134379465609
0.9045559644603993
0.9100544932181135
0.9091196613648433
0.9311129978388392
0.9280658071507601
0.9285817263234301
0.9307701546688495
0.9253277631299547
0.917335597406607
0.917335597406607
0.9265205310280952
0.9265279181438852
0.923119239318806
0.935951360510316
0.9207534580329357
0.923706826911547
0.9244176400564743
0.9214310168488773
0.9296135646687698
0.9194430007485586
0.9213015393199327
0.9197062870313344
0.9172620893280478
0.9296135646687698
0.9071331151292152
0.9125587373734098
0.914180957791962
0.9124208330239221
0.9199372056514914
0.9118337713650715
0.9211907177409963
0.9191919254281637
0.9168506000455112
0.9373354397051079
0.9261279849353236
0.9348468479944207
0.9357980348177277
0.9284884520438291
0.9234099818617985
0.9077367369626452
0.9184593614727121
0.9134171706771836
0.9114453759366217
0.917335597406607
0.9064473317908934
0.9160297537721069
0.9171919198321168
0.9148296026560458
0.9113856376377141
0.9152166283426666
0.920515418174724
0.9172511022179191
0.9152979414773155
0.9250186164626811
0.9152870860091182
0.9195366575651822
0.9243153919957987
0.9225595691171437
0.917335597406607
0.9105329672426292
0.9194671247301223
0.91735141192366
0.9141729276461834
0.935951360510316
0.9178961889991961
0.9193419650932775
0.9211439936927722
0.9179912617445704
0.9296135646687698
0.9112816557755503
0.9199662504187364
0.9106125767548865
0.9087818595111645
0.935951360510316
0.9188913707352768
0.9258957839877998
0.9241837427527546
0.9216766427750466
0.9250186164626811
0.9143744767706663
0.9145564945689574
0.9132354801338047
0.912085443810024
0.917335597406607
0.9105329672426292
0.9153615169826465
0.9192993871966947
0.9138522081700542
0.9311129978388392
0.9174216674587454
0.9209510047627774
0.9152859031447325
0.9165723884183075
0.9311129978388392
0.9035581969743749
0.9092649373202987
0.9143520941574165
0.9129787350289135
0.9199372056514914
0.9174288679085153
0.9199587840932373
0.9227473375296378
0.9184896681309656
0.9217183295126085
0.9090148429439313
0.9158810835188774
0.9196890620988679
0.9172483093820747
0.9136429608127721
0.9049771585940132
0.9146176662882716
0.9176007695890178
0.9155776753741944
0.9296135646687698
0.914727291078423
0.9149969532531231
0.9160096197017472
0.9130994938686532
0.9296135646687698
0.9222670474171545
0.9179355105542187
0.9231145317375762
0.9199886850930412
0.8942378906828619
0.9066427548652405
0.9127680420643873
0.9147456360513271
0.9149037643615664
0.9250186164626811
0.9199695733141102
0.9257581954444429
0.9230487791247168
0.9215462788202782
0.917335597406607
0.9190070077093766
0.9164665510188224
0.914221237892842
0.9157206562167952
0.9436908517350158
0.9183202993086734
0.9246586794408183
0.9266289302155344
0.9244103996929323
0.935951360510316
0.923668499074015
0.9282241459510461
0.9248982420046693
0.9233857130850568
0.9234099818617985
0.8969372115404783
0.913302056370901
0.9147384470400804
0.9116407818217113
0.9055555555555554
0.9074139961919514
0.9202865794718829
0.9233498552388328
0.9201769438940465
0.9296135646687698
0.913952081479684
0.9117964871580896
0.9154848852413813
0.9101363545440921
0.935951360510316
0.9144505536963234
0.9245971685545727
0.9258512675831221
0.920972812173753
0.9055555555555554
0.8982249687890136
0.906056089030212
0.9097116712756956
0.9073198687831059
0.9234099818617985
0.917207127683036
0.9218424177349704
0.9230193331740418
0.921144058701788
0.9234099818617985
0.9220441999369724
0.9224994605785811
0.9231292495496061
0.9196145107507959
0.9436908517350158
0.9209907250128069
0.9238650048981278
0.9241534077892661
0.9227898457127344
0.917335597406607
0.9025200285369398
0.9115512072475497
0.9149180595513325
0.9130455587521771
0.917335597406607
0.8999435765849719
0.9103333836695943
0.9114801702935805
0.9119127283974189
0.9250186164626811
0.914288406718528
0.9169367769061655
0.9193401025524381
0.9177492095694934
0.917335597406607
0.9203727896342028
0.9234530479790584
0.9257247066192145
0.9220768249983518
0.9280358006773102
0.9104927737798205
0.910790395065785
0.9090253805690017
0.9038903596396335
0.9234099818617985
0.9088239362723302
0.9152191839718338
0.9147132751012919
0.916114285983555
0.9250186164626811
0.9191070824761737
0.9210775938050095
0.9209777998567936
0.9198894954059396
0.9296135646687698
0.9222670474171545
0.9281462351090516
0.9248398088731735
0.9233389665798603
0.9190476190476191
0.9038949254012776
0.9020268163643844
0.9092983617329982
0.9068232793880485
0.917335597406607
0.9114455764810812
0.9184769451672817
0.918619613637366
0.9130603833602995
0.917335597406607
0.9161280637860731
0.9190915813449424
0.9152512702783697
0.9149296083852503
0.9296135646687698
0.9222670474171545
0.9193923518823603
0.9211817837845843
0.9192225545552102
0.9131955484896662
0.9093755520226108
0.9114291272159151
0.912905744763588
0.9114357069219816
0.9113856376377141
0.9075579873581829
0.9163382187977182
0.9174232686013252
0.9174057343623815
0.9296135646687698
0.9112816557755503
0.9188206644092963
0.9155043871958612
0.9139005694596692
0.9055555555555554
0.9084705965966348
0.9101947180020139
0.9142835583743244
0.9112768708891064
0.9113856376377141
0.9038484970064842
0.9030519948497487
0.907458600640348
0.9066785199071532
0.9373354397051079
0.924360538671411
0.9250903856113594
0.9235796939704243
0.9177113333129118
0.9250186164626811
0.9134249987114593
0.9213951457093422
0.9269690722157606
0.9226863688837197
0.9296135646687698
0.912962460522012
0.914420172816877
0.9145452621540426
0.9127473208343453
0.9113856376377141
0.904838117964156
0.9095746183253105
0.9085698526328717
0.9091330096338401
0.9113856376377141
0.9084705965966349
0.9139866032186502
0.9171274722868017
0.9151990375324216
0.9296135646687698
0.9243305918581944
0.9206189107353516
0.9247980429777907
0.9180173107867269
0.917335597406607
0.9114455764810812
0.9121780379249781
0.9124324155661502
0.9085963859563588
0.9234099818617985
0.9173978097497563
0.9179477461823771
0.9186304141398195
0.9130690237622623
0.9311129978388392
0.9174216674587454
0.9167932041733381
0.9219287630562806
0.9159557088577228
0.9113856376377141
0.892124442750481
0.899297282104578
0.9013375001653094
0.9025670598352278
0.917335597406607
0.9051426721444691
0.9142750089428736
0.9158758612101918
0.911351142471592
0.9155362776025237
0.9124043572154354
0.91864057075657
0.9191500325704641
0.9164311371674824
0.9250186164626811
0.9162383854050926
0.9186289175573279
0.9206092080408099
0.9179844261356281
0.9190476190476191
0.9059986829649751
0.9143701212562632
0.9170322450578676
0.9183077924186538
0.9296135646687698
0.9112816557755503
0.9158606426712605
0.9181501361191158
0.9188637747978141
0.9386515952876482
0.9310307885747233
0.9335710574790316
0.9202671929734545
0.9148642078822021
0.9296135646687698
0.9086590121680211
0.9161436740582937
0.9159918249443513
0.9155220521180356
0.9055555555555554
0.9065068549515298
0.909516662501861
0.9129899923418454
0.9118890535764566
0.9055555555555554
0.9046429463171035
0.9094445038939419
0.9167462767423686
0.9165042769143996
0.917335597406607
0.9014562602417651
0.9129546269979487
0.9193788690703736
0.9201850916286587
0.9311129978388392
0.9192855760931716
0.9232280500083941
0.9228506198844477
0.9213877514280628
0.9113856376377141
0.9056133275628953
0.9120817571961571
0.9129453872977489
0.9146999757407206
0.9373354397051079
0.9175440492589274
0.922067032118898
0.9217198785922102
0.9162234810103405
0.9113856376377141
0.9122905930636901
0.9206388752774961
0.9192092889995069
0.9172643360033034
0.9250186164626811
0.9143744767706663
0.9204295453603383
0.9157800042603133
0.912915801515506
0.9311129978388392
0.9154770076634577
0.9206890043885848
0.9236516739263593
0.922028594661592
0.9311129978388392
0.9174216674587454
0.9179636513217032
0.9201102583640914
0.9188167988538277
0.9055555555555554
0.8986212243797195
0.9036284698574036
0.9089760065087231
0.909909397369533
0.9018313809602376
0.9104395000039284
0.9147629939565517
0.9169247409328634
0.9170069122276121
0.935951360510316
0.9245734544999912
0.9317262183439095
0.9275247962993168
0.9279425499732075
0.9296135646687698
0.912962460522012
0.922341249873389
0.9245341868647514
0.9207034162821536
0.917335597406607
0.9095834891834222
0.9172355536355091
0.9207049146863415
0.9060819634309066
0.935951360510316
0.9283148892612312
0.9276677714142135
0.920188993263847
0.919618314092399
0.9234099818617985
0.9055572207645355
0.9105976198470724
0.9131178193883409
0.9127713830382156
